<?xml version="1.0"?>
<opencv_storage>
<intrinsic type_id="opencv-matrix">
  <rows>3</rows>
  <cols>3</cols>
  <dt>d</dt>
  <data>
    9.1768716984303694e+02 0. 4.9507828957423402e+02 0.
    9.2622803277299613e+02 3.5332186880763487e+02 0. 0. 1.</data></intrinsic>
<distortion type_id="opencv-matrix">
  <rows>1</rows>
  <cols>5</cols>
  <dt>d</dt>
  <data>
    4.5933238047666483e-02 -7.7071097792443244e-01
    1.2222446862354551e-03 1.8231814943974450e-03 2.4311149990136838e+00</data></distortion>
</opencv_storage>
