<?xml version="1.0"?>
<opencv_storage>
<intrinsic type_id="opencv-matrix">
  <rows>3</rows>
  <cols>3</cols>
  <dt>d</dt>
  <data>
    2.2491191323958342e+03 0. 3.5871099037907044e+02 0.
    1.9312999546643973e+03 4.6417180118524732e+02 0. 0. 1.</data></intrinsic>
<distortion type_id="opencv-matrix">
  <rows>1</rows>
  <cols>5</cols>
  <dt>d</dt>
  <data>
    1.0775651533805282e+00 -5.3359669340443245e+00
    4.8889557836489017e-02 -1.3604517490049176e-01
    2.8991525415983237e+01</data></distortion>
</opencv_storage>
